<svg version="1.1" id="Layer_1" xmlns="http://www.w3.org/2000/svg" xmlns:xlink="http://www.w3.org/1999/xlink" x="0px" y="0px"
	 width="100%" viewBox="0 0 476 142" enable-background="new 0 0 476 142" xml:space="preserve">
<path fill="#212220" opacity="1.000000" stroke="none" 
	d="
M306.000000,143.000000 
	C204.000031,143.000000 102.500061,143.000000 1.000068,143.000000 
	C1.000045,95.666710 1.000045,48.333424 1.000023,1.000100 
	C159.666580,1.000067 318.333160,1.000067 476.999817,1.000033 
	C476.999878,48.333225 476.999878,95.666451 476.999939,142.999847 
	C420.166656,143.000000 363.333344,143.000000 306.000000,143.000000 
M411.413818,106.144348 
	C411.413818,106.144348 411.469147,106.454185 411.922546,106.301453 
	C412.211273,106.129005 412.403748,105.881653 412.560089,105.524529 
	C412.560089,105.524529 412.577454,105.457275 413.035095,105.084038 
	C413.133820,104.711731 413.232513,104.339424 413.433685,103.900719 
	C413.433685,103.900719 413.401886,103.782829 413.830231,103.306656 
	C413.220764,101.207161 412.611298,99.107674 412.001801,96.998062 
	C412.001801,96.998062 411.991699,96.998070 411.619751,96.379524 
	C409.756165,95.955635 407.892578,95.531754 405.197693,94.984695 
	C403.800385,95.025475 402.403046,95.066254 400.196991,95.096344 
	C399.939575,97.739571 399.682129,100.382797 399.253296,103.752533 
	C399.305176,104.492661 399.357056,105.232788 399.207275,106.845161 
	C399.207275,109.116394 399.207275,111.387627 399.207275,113.766121 
	C401.074066,113.766121 402.467163,113.766121 404.009460,113.766121 
	C403.928345,112.312637 403.864655,111.171097 403.970825,109.154121 
	C403.994598,108.857811 404.018341,108.561508 404.173523,108.360649 
	C404.173523,108.360649 404.133148,108.144302 405.003571,108.086983 
	C406.675720,107.802719 408.347839,107.518456 410.606323,107.225906 
	C410.887665,106.967094 411.168976,106.708290 411.413818,106.144348 
M254.977737,104.502304 
	C254.977737,104.502304 254.926483,104.066895 255.620605,103.833084 
	C257.946747,106.857712 260.272888,109.882332 263.088928,113.652100 
	C264.305420,113.736763 265.521881,113.821426 267.047729,113.927620 
	C267.047729,108.130707 267.168579,102.738487 266.911072,97.364395 
	C266.874481,96.600998 264.999603,95.925697 263.196503,95.484734 
	C263.051361,98.504768 262.906250,101.524811 262.715149,105.501480 
	C259.804108,101.767715 257.463684,98.765892 254.584106,95.136215 
	C253.468140,95.136215 252.352173,95.136215 251.043182,95.136215 
	C251.043182,99.880264 251.043182,104.419418 250.854553,109.715172 
	C250.920822,110.486832 250.987076,111.258484 250.931290,112.857704 
	C252.171814,113.281036 253.412338,113.704361 254.848709,114.194519 
	C254.848709,111.257835 254.848709,109.157402 254.997253,106.350861 
	C254.950394,105.875137 254.903534,105.399406 254.977737,104.502304 
M324.119873,99.318954 
	C324.098480,98.879219 324.077057,98.439476 324.354462,97.546402 
	C323.567596,97.033997 322.780701,96.521584 321.297485,95.845871 
	C319.708099,95.475891 317.862946,94.406464 316.580322,94.875450 
	C313.514740,95.996346 309.481110,97.157822 308.137634,99.578835 
	C306.660278,102.241188 306.808655,106.688156 307.948273,109.718430 
	C309.769165,114.560150 316.459625,115.997475 321.129669,113.448586 
	C324.973419,111.350708 326.029144,107.492355 323.990662,102.250572 
	C323.987152,101.488815 323.983673,100.727058 324.119873,99.318954 
M290.791107,99.123581 
	C288.424622,94.628967 284.343201,94.289795 280.097046,95.056595 
	C274.934814,95.988838 271.757324,102.038589 273.247894,107.544380 
	C274.632385,112.658096 279.950562,115.571831 285.350220,114.174980 
	C290.706940,112.789246 292.636658,109.011971 290.971039,102.333603 
	C290.944550,101.484123 290.918060,100.634644 290.791107,99.123581 
M45.054676,111.484566 
	C63.078987,126.007935 82.720993,128.927536 103.790611,119.104568 
	C133.459122,105.272682 142.944092,69.466385 126.625061,42.446278 
	C114.513428,22.392561 95.441147,14.034555 72.542709,17.306770 
	C44.919785,21.254118 26.302568,42.826096 26.366350,70.858604 
	C26.402023,86.536438 32.296719,100.415207 45.054676,111.484566 
M260.225281,73.330811 
	C264.367188,77.258652 266.956787,76.936508 269.384460,72.136017 
	C270.284393,70.356468 271.051910,68.510185 271.888977,66.698578 
	C274.040039,62.043167 276.196228,57.390137 278.350372,52.736149 
	C278.787292,52.848812 279.224243,52.961472 279.661194,53.074131 
	C279.766754,54.825489 279.949097,56.576199 279.963867,58.328323 
	C280.012909,64.152306 280.127686,69.980286 279.965851,75.799751 
	C279.870483,79.229576 281.513062,80.206909 284.545105,79.952591 
	C287.224731,79.727837 290.755402,80.732491 290.774384,76.293289 
	C290.830627,63.148594 290.837738,50.001610 290.582672,36.860992 
	C290.558319,35.604523 288.748871,33.574787 287.455933,33.281818 
	C278.992737,31.364115 276.227203,33.042515 272.894226,40.906914 
	C270.419159,46.747025 267.648956,52.462067 264.450714,59.456406 
	C261.076996,52.198887 258.374969,46.334743 255.628769,40.491367 
	C251.928268,32.617432 250.808533,31.909002 242.265717,33.235313 
	C241.047821,33.424393 239.188675,35.351715 239.169952,36.499710 
	C238.953003,49.808655 238.940308,63.124222 239.194489,76.431900 
	C239.217102,77.615616 241.367538,79.572090 242.735901,79.774269 
	C248.315430,80.598679 248.995773,79.810226 249.025543,74.069847 
	C249.053146,68.744881 249.044220,63.419720 249.049942,58.094643 
	C249.052109,56.076511 249.050278,54.058376 249.050278,52.040241 
	C249.499359,51.996983 249.948456,51.953724 250.397537,51.910469 
	C253.551620,58.827534 256.705688,65.744598 260.225281,73.330811 
M338.767914,42.707714 
	C337.093506,40.221252 335.948334,36.770882 333.612793,35.488647 
	C330.590912,33.829586 326.634216,33.742058 323.039795,33.398853 
	C322.503113,33.347610 321.190277,35.588581 321.177856,36.778965 
	C321.042175,49.770863 320.980438,62.767147 321.258270,75.754547 
	C321.288330,77.160820 323.402344,79.461250 324.852722,79.733681 
	C330.703247,80.832588 331.859406,79.628639 331.883636,73.595528 
	C331.911194,66.715477 331.890015,59.835239 331.890015,52.955082 
	C333.905121,53.655708 334.762024,54.570023 335.473480,55.586155 
	C340.626434,62.945438 345.332672,70.681175 351.134064,77.484421 
	C352.902863,79.558723 357.652679,79.405228 361.056274,79.487762 
	C361.684692,79.503006 362.958069,75.762138 362.990692,73.739716 
	C363.178680,62.082008 362.993774,50.418636 363.135925,38.759636 
	C363.181091,35.055008 362.669159,32.909760 358.073486,32.918457 
	C353.563416,32.926994 352.647522,34.908108 352.979401,38.691990 
	C353.138916,40.510662 353.014587,42.354424 353.014954,44.186821 
	C353.016113,49.562851 353.015381,54.938881 353.015381,60.314911 
	C352.539551,60.407211 352.063690,60.499516 351.587860,60.591820 
	C349.487305,57.866699 347.313721,55.194084 345.306122,52.402115 
	C343.171051,49.432831 341.193207,46.350456 338.767914,42.707714 
M377.799255,60.257042 
	C375.817963,65.377457 373.764282,70.471954 371.913940,75.639259 
	C371.524994,76.725502 371.386322,78.479134 371.992828,79.232605 
	C373.624146,81.259338 381.411438,79.793121 381.904999,77.219322 
	C383.080048,71.091896 386.964417,70.224510 392.165161,70.767220 
	C394.801117,71.042290 397.576019,70.414810 400.123474,70.961906 
	C401.882660,71.339714 404.104736,72.674133 404.832733,74.196571 
	C407.793945,80.389397 410.485718,81.568878 417.105286,78.694237 
	C417.105286,78.235008 417.245331,77.695602 417.084961,77.269173 
	C411.874725,63.413761 406.624847,49.573254 401.406952,35.720695 
	C399.766876,31.366640 396.057465,33.529892 393.214691,33.127087 
	C390.328247,32.718098 388.148560,33.613007 386.983643,36.751858 
	C384.147705,44.393581 381.047913,51.937378 377.799255,60.257042 
M189.025360,46.511002 
	C189.025955,50.674194 189.341370,54.865658 188.970566,58.995502 
	C187.637787,73.839401 198.656784,83.131355 215.321564,79.341957 
	C223.489716,77.484604 228.837280,70.742058 228.916656,62.482109 
	C228.993469,54.489433 228.851944,46.494076 228.982803,38.502789 
	C229.039230,35.057327 228.632828,32.879601 224.214310,32.934223 
	C220.048233,32.985729 218.730453,34.355408 218.818924,38.453419 
	C218.987610,46.266502 219.045822,54.118710 218.442917,61.899891 
	C217.975555,67.931641 213.590988,71.369347 208.514496,70.846947 
	C203.048660,70.284477 199.986435,66.701553 199.925583,60.557575 
	C199.851379,53.064476 199.778580,45.567371 199.950119,38.077606 
	C200.030151,34.582829 199.105301,33.066048 195.233170,32.936184 
	C190.561874,32.779518 188.324203,34.036331 188.978088,39.027863 
	C189.256912,41.156219 189.024780,43.351509 189.025360,46.511002 
M163.885147,49.502029 
	C163.883530,45.336376 163.737946,41.164379 163.921021,37.006859 
	C164.102142,32.893600 161.473785,32.996101 158.657516,33.045288 
	C155.810440,33.095020 152.897171,32.559750 152.952469,37.091908 
	C153.108994,49.920261 153.075714,62.752148 152.976898,75.581558 
	C152.952087,78.802193 154.151703,80.050018 157.382858,79.981552 
	C164.211487,79.836845 171.047150,79.837677 177.876114,79.972435 
	C181.458237,80.043114 182.928970,78.718300 182.965378,75.003700 
	C183.007645,70.691231 180.256561,70.622757 177.337265,70.621704 
	C174.345764,70.620628 171.352829,70.802025 168.363037,70.953491 
	C165.202637,71.113609 163.812439,69.690048 163.872040,66.496552 
	C163.971542,61.166492 163.890198,55.833057 163.885147,49.502029 
M311.006927,45.515251 
	C311.004395,43.025795 310.790863,40.514400 311.046906,38.051834 
	C311.471375,33.970104 309.622650,32.955883 305.841919,32.985237 
	C302.234009,33.013248 300.847015,34.096962 300.900543,37.850109 
	C301.075684,50.128918 301.049377,62.412884 300.904999,74.692566 
	C300.861786,78.366440 301.741913,80.104843 305.903534,80.047325 
	C309.788879,79.993637 311.164459,78.835945 311.071472,74.889328 
	C310.848755,65.434677 311.003418,55.971134 311.006927,45.515251 
M330.922028,106.437782 
	C330.922028,108.883331 330.922028,111.328873 330.922028,114.158714 
	C332.876862,113.925095 334.244904,113.761604 335.420685,113.621086 
	C335.722931,111.422073 335.955414,109.730621 336.237885,107.675545 
	C340.087402,109.481339 340.295563,116.306137 346.323059,113.488472 
	C345.127350,111.532372 343.944061,109.596603 342.660583,107.496964 
	C345.548187,104.819939 347.622986,101.591927 344.959839,97.947632 
	C341.345032,93.001015 336.049835,95.404999 330.918732,95.111687 
	C330.918732,98.896049 330.918732,102.181694 330.922028,106.437782 
M170.090195,98.928253 
	C169.981110,97.689568 169.872025,96.450882 169.754898,95.120972 
	C163.356430,96.274513 167.049011,101.811249 165.147217,104.717010 
	C160.349960,102.633720 160.872116,94.101456 153.366318,95.169472 
	C153.366318,101.651512 153.366318,107.729103 153.366318,114.065704 
	C161.294250,113.878998 155.707275,107.214905 158.302948,104.710518 
	C162.755234,106.874550 162.614532,114.828239 170.089615,113.880730 
	C170.089615,109.095177 170.089615,104.463760 170.090195,98.928253 
M201.447495,114.041389 
	C206.619858,114.503990 202.565231,109.286415 205.385864,107.985115 
	C208.758041,109.082260 208.908340,116.513458 215.019440,113.393494 
	C213.757324,111.355850 212.557083,109.418098 211.326981,107.432129 
	C214.132278,104.829582 216.385315,101.959251 213.853821,98.262581 
	C210.163651,92.873940 204.716019,95.504608 198.883133,94.956871 
	C199.502045,101.804306 200.052429,107.893745 201.447495,114.041389 
M367.823547,97.545227 
	C363.988953,94.137207 359.686737,93.808800 355.397552,96.263428 
	C351.270905,98.625061 350.208008,102.653351 351.143982,107.081009 
	C352.076630,111.493103 355.188446,113.850815 359.533997,114.438660 
	C363.456421,114.969284 366.947632,113.708458 368.967529,110.266151 
	C371.325500,106.247856 371.314087,102.032768 367.823547,97.545227 
M380.946472,107.923088 
	C380.741058,103.795792 380.535645,99.668495 380.316498,95.265381 
	C378.815491,95.265381 377.432404,95.265381 375.988708,95.265381 
	C375.920288,96.359940 375.829254,97.185829 375.824249,98.012238 
	C375.808105,100.671539 375.752472,103.333443 375.841949,105.989967 
	C376.026459,111.469666 378.988373,114.597023 384.002808,114.727966 
	C388.759033,114.852173 392.300873,111.540298 392.705933,106.352463 
	C392.912415,103.708214 392.687744,101.033035 392.809784,98.378815 
	C392.989716,94.465469 391.028717,94.495934 387.997498,95.594177 
	C387.997498,98.913170 388.077484,102.059357 387.979034,105.199944 
	C387.825867,110.086075 385.952850,111.045280 380.946472,107.923088 
M187.483002,114.068420 
	C196.569565,109.764343 191.768936,101.769417 193.070740,95.421387 
	C189.201538,94.257362 187.873123,95.453896 188.161850,98.872749 
	C188.357117,101.184860 188.667374,103.656052 188.059586,105.811775 
	C187.604111,107.427299 185.767868,108.653534 184.546371,110.053085 
	C183.370590,108.583878 181.806198,107.270119 181.137360,105.598114 
	C180.563507,104.163567 181.012711,102.319336 181.011505,100.656273 
	C181.010193,98.864983 181.011215,97.073692 181.011215,94.880943 
	C179.138885,95.079430 177.783493,95.223122 176.232635,95.387527 
	C176.232635,99.125313 176.111649,102.442108 176.258102,105.747047 
	C176.553040,112.403351 179.933716,115.080223 187.483002,114.068420 
M223.399368,106.131798 
	C225.267563,106.835129 227.135757,107.538460 229.084091,108.271965 
	C226.310989,113.353516 221.285461,104.770096 219.047028,110.914726 
	C221.890182,114.505493 225.655319,115.634804 229.580505,113.829857 
	C231.447357,112.971413 233.494583,110.391113 233.683212,108.420731 
	C234.127213,103.782295 229.950562,103.425507 226.647476,102.391655 
	C225.652725,102.080299 224.913681,100.951897 224.057510,100.197769 
	C225.283661,99.929092 226.498077,99.551842 227.738770,99.417671 
	C229.513229,99.225792 231.306915,99.211670 234.324493,99.059502 
	C229.055603,93.948631 223.659454,93.621727 220.856995,97.193062 
	C218.126205,100.673058 219.008667,103.632118 223.399368,106.131798 
M239.787613,110.334824 
	C239.518265,113.503159 240.392548,115.112999 244.017685,113.351814 
	C244.017685,108.178741 243.935577,103.078018 244.047028,97.981522 
	C244.119095,94.686829 242.549728,94.544014 239.782318,95.534615 
	C239.782318,100.186729 239.782318,104.780579 239.787613,110.334824 
z"/>
<path fill="#1B821F" opacity="1.000000" stroke="none" 
	d="
M44.796326,111.238708 
	C32.296719,100.415207 26.402023,86.536438 26.366350,70.858604 
	C26.302568,42.826096 44.919785,21.254118 72.542709,17.306770 
	C95.441147,14.034555 114.513428,22.392561 126.625061,42.446278 
	C142.944092,69.466385 133.459122,105.272682 103.790611,119.104568 
	C82.720993,128.927536 63.078987,126.007935 44.796326,111.238708 
M104.838173,108.434929 
	C120.230629,96.796242 127.316498,81.637962 124.063271,62.290638 
	C118.566071,29.598141 81.586090,16.771152 56.663574,32.124672 
	C35.929241,44.898067 29.726677,73.216217 42.472397,94.178268 
	C54.610077,114.140305 80.108688,123.350540 104.838173,108.434929 
z"/>
<path fill="#1C841F" opacity="1.000000" stroke="none" 
	d="
M260.042542,72.996239 
	C256.705688,65.744598 253.551620,58.827534 250.397537,51.910469 
	C249.948456,51.953724 249.499359,51.996983 249.050278,52.040241 
	C249.050278,54.058376 249.052109,56.076511 249.049942,58.094643 
	C249.044220,63.419720 249.053146,68.744881 249.025543,74.069847 
	C248.995773,79.810226 248.315430,80.598679 242.735901,79.774269 
	C241.367538,79.572090 239.217102,77.615616 239.194489,76.431900 
	C238.940308,63.124222 238.953003,49.808655 239.169952,36.499710 
	C239.188675,35.351715 241.047821,33.424393 242.265717,33.235313 
	C250.808533,31.909002 251.928268,32.617432 255.628769,40.491367 
	C258.374969,46.334743 261.076996,52.198887 264.450714,59.456406 
	C267.648956,52.462067 270.419159,46.747025 272.894226,40.906914 
	C276.227203,33.042515 278.992737,31.364115 287.455933,33.281818 
	C288.748871,33.574787 290.558319,35.604523 290.582672,36.860992 
	C290.837738,50.001610 290.830627,63.148594 290.774384,76.293289 
	C290.755402,80.732491 287.224731,79.727837 284.545105,79.952591 
	C281.513062,80.206909 279.870483,79.229576 279.965851,75.799751 
	C280.127686,69.980286 280.012909,64.152306 279.963867,58.328323 
	C279.949097,56.576199 279.766754,54.825489 279.661194,53.074131 
	C279.224243,52.961472 278.787292,52.848812 278.350372,52.736149 
	C276.196228,57.390137 274.040039,62.043167 271.888977,66.698578 
	C271.051910,68.510185 270.284393,70.356468 269.384460,72.136017 
	C266.956787,76.936508 264.367188,77.258652 260.042542,72.996239 
z"/>
<path fill="#1C831E" opacity="1.000000" stroke="none" 
	d="
M338.957306,43.012589 
	C341.193207,46.350456 343.171051,49.432831 345.306122,52.402115 
	C347.313721,55.194084 349.487305,57.866699 351.587860,60.591820 
	C352.063690,60.499516 352.539551,60.407211 353.015381,60.314911 
	C353.015381,54.938881 353.016113,49.562851 353.014954,44.186821 
	C353.014587,42.354424 353.138916,40.510662 352.979401,38.691990 
	C352.647522,34.908108 353.563416,32.926994 358.073486,32.918457 
	C362.669159,32.909760 363.181091,35.055008 363.135925,38.759636 
	C362.993774,50.418636 363.178680,62.082008 362.990692,73.739716 
	C362.958069,75.762138 361.684692,79.503006 361.056274,79.487762 
	C357.652679,79.405228 352.902863,79.558723 351.134064,77.484421 
	C345.332672,70.681175 340.626434,62.945438 335.473480,55.586155 
	C334.762024,54.570023 333.905121,53.655708 331.890015,52.955082 
	C331.890015,59.835239 331.911194,66.715477 331.883636,73.595528 
	C331.859406,79.628639 330.703247,80.832588 324.852722,79.733681 
	C323.402344,79.461250 321.288330,77.160820 321.258270,75.754547 
	C320.980438,62.767147 321.042175,49.770863 321.177856,36.778965 
	C321.190277,35.588581 322.503113,33.347610 323.039795,33.398853 
	C326.634216,33.742058 330.590912,33.829586 333.612793,35.488647 
	C335.948334,36.770882 337.093506,40.221252 338.957306,43.012589 
z"/>
<path fill="#1C831E" opacity="1.000000" stroke="none" 
	d="
M377.926819,59.888828 
	C381.047913,51.937378 384.147705,44.393581 386.983643,36.751858 
	C388.148560,33.613007 390.328247,32.718098 393.214691,33.127087 
	C396.057465,33.529892 399.766876,31.366640 401.406952,35.720695 
	C406.624847,49.573254 411.874725,63.413761 417.084961,77.269173 
	C417.245331,77.695602 417.105286,78.235008 417.105286,78.694237 
	C410.485718,81.568878 407.793945,80.389397 404.832733,74.196571 
	C404.104736,72.674133 401.882660,71.339714 400.123474,70.961906 
	C397.576019,70.414810 394.801117,71.042290 392.165161,70.767220 
	C386.964417,70.224510 383.080048,71.091896 381.904999,77.219322 
	C381.411438,79.793121 373.624146,81.259338 371.992828,79.232605 
	C371.386322,78.479134 371.524994,76.725502 371.913940,75.639259 
	C373.764282,70.471954 375.817963,65.377457 377.926819,59.888828 
M396.877533,50.755615 
	C396.164398,49.069714 395.451263,47.383812 394.160522,44.332474 
	C391.716400,50.893925 389.858582,55.881401 387.536652,62.114727 
	C392.258667,61.770142 395.755127,61.514992 399.251587,61.259850 
	C398.680634,58.296280 398.115326,55.331600 397.530548,52.370762 
	C397.467621,52.052158 397.291443,51.755920 396.877533,50.755615 
z"/>
<path fill="#1B831F" opacity="1.000000" stroke="none" 
	d="
M189.025101,46.013695 
	C189.024780,43.351509 189.256912,41.156219 188.978088,39.027863 
	C188.324203,34.036331 190.561874,32.779518 195.233170,32.936184 
	C199.105301,33.066048 200.030151,34.582829 199.950119,38.077606 
	C199.778580,45.567371 199.851379,53.064476 199.925583,60.557575 
	C199.986435,66.701553 203.048660,70.284477 208.514496,70.846947 
	C213.590988,71.369347 217.975555,67.931641 218.442917,61.899891 
	C219.045822,54.118710 218.987610,46.266502 218.818924,38.453419 
	C218.730453,34.355408 220.048233,32.985729 224.214310,32.934223 
	C228.632828,32.879601 229.039230,35.057327 228.982803,38.502789 
	C228.851944,46.494076 228.993469,54.489433 228.916656,62.482109 
	C228.837280,70.742058 223.489716,77.484604 215.321564,79.341957 
	C198.656784,83.131355 187.637787,73.839401 188.970566,58.995502 
	C189.341370,54.865658 189.025955,50.674194 189.025101,46.013695 
z"/>
<path fill="#1A801F" opacity="1.000000" stroke="none" 
	d="
M163.885071,50.001534 
	C163.890198,55.833057 163.971542,61.166492 163.872040,66.496552 
	C163.812439,69.690048 165.202637,71.113609 168.363037,70.953491 
	C171.352829,70.802025 174.345764,70.620628 177.337265,70.621704 
	C180.256561,70.622757 183.007645,70.691231 182.965378,75.003700 
	C182.928970,78.718300 181.458237,80.043114 177.876114,79.972435 
	C171.047150,79.837677 164.211487,79.836845 157.382858,79.981552 
	C154.151703,80.050018 152.952087,78.802193 152.976898,75.581558 
	C153.075714,62.752148 153.108994,49.920261 152.952469,37.091908 
	C152.897171,32.559750 155.810440,33.095020 158.657516,33.045288 
	C161.473785,32.996101 164.102142,32.893600 163.921021,37.006859 
	C163.737946,41.164379 163.883530,45.336376 163.885071,50.001534 
z"/>
<path fill="#1B841F" opacity="1.000000" stroke="none" 
	d="
M311.006348,46.013214 
	C311.003418,55.971134 310.848755,65.434677 311.071472,74.889328 
	C311.164459,78.835945 309.788879,79.993637 305.903534,80.047325 
	C301.741913,80.104843 300.861786,78.366440 300.904999,74.692566 
	C301.049377,62.412884 301.075684,50.128918 300.900543,37.850109 
	C300.847015,34.096962 302.234009,33.013248 305.841919,32.985237 
	C309.622650,32.955883 311.471375,33.970104 311.046906,38.051834 
	C310.790863,40.514400 311.004395,43.025795 311.006348,46.013214 
z"/>
<path fill="#E8CFA7" opacity="1.000000" stroke="none" 
	d="
M330.920380,105.952560 
	C330.918732,102.181694 330.918732,98.896049 330.918732,95.111687 
	C336.049835,95.404999 341.345032,93.001015 344.959839,97.947632 
	C347.622986,101.591927 345.548187,104.819939 342.660583,107.496964 
	C343.944061,109.596603 345.127350,111.532372 346.323059,113.488472 
	C340.295563,116.306137 340.087402,109.481339 336.237885,107.675545 
	C335.955414,109.730621 335.722931,111.422073 335.420685,113.621086 
	C334.244904,113.761604 332.876862,113.925095 330.922028,114.158714 
	C330.922028,111.328873 330.922028,108.883331 330.920380,105.952560 
z"/>
<path fill="#E9CFA7" opacity="1.000000" stroke="none" 
	d="
M170.089905,99.380302 
	C170.089615,104.463760 170.089615,109.095177 170.089615,113.880730 
	C162.614532,114.828239 162.755234,106.874550 158.302948,104.710518 
	C155.707275,107.214905 161.294250,113.878998 153.366318,114.065704 
	C153.366318,107.729103 153.366318,101.651512 153.366318,95.169472 
	C160.872116,94.101456 160.349960,102.633720 165.147217,104.717010 
	C167.049011,101.811249 163.356430,96.274513 169.754898,95.120972 
	C169.872025,96.450882 169.981110,97.689568 170.089905,99.380302 
z"/>
<path fill="#E8CDA6" opacity="1.000000" stroke="none" 
	d="
M290.965363,103.183838 
	C292.636658,109.011971 290.706940,112.789246 285.350220,114.174980 
	C279.950562,115.571831 274.632385,112.658096 273.247894,107.544380 
	C271.757324,102.038589 274.934814,95.988838 280.097046,95.056595 
	C284.343201,94.289795 288.424622,94.628967 290.483978,99.563461 
	C288.568512,99.901871 286.791809,100.202873 285.386810,99.615242 
	C282.448883,98.386513 279.675110,98.726120 278.711731,101.537735 
	C277.990753,103.641846 278.324066,106.952736 279.599060,108.691582 
	C281.388611,111.132202 284.327362,110.800720 286.124390,109.039726 
	C284.891541,107.132477 283.908691,105.611992 282.339142,103.183838 
	C286.338104,103.183838 288.651733,103.183838 290.965363,103.183838 
z"/>
<path fill="#E8CEA7" opacity="1.000000" stroke="none" 
	d="
M201.025162,114.012283 
	C200.052429,107.893745 199.502045,101.804306 198.883133,94.956871 
	C204.716019,95.504608 210.163651,92.873940 213.853821,98.262581 
	C216.385315,101.959251 214.132278,104.829582 211.326981,107.432129 
	C212.557083,109.418098 213.757324,111.355850 215.019440,113.393494 
	C208.908340,116.513458 208.758041,109.082260 205.385864,107.985115 
	C202.565231,109.286415 206.619858,114.503990 201.025162,114.012283 
M209.400681,102.809319 
	C210.564941,97.761803 207.066071,99.297768 204.531204,99.115845 
	C203.323975,103.537193 205.129944,104.343658 209.400681,102.809319 
z"/>
<path fill="#EBD1A9" opacity="1.000000" stroke="none" 
	d="
M323.985229,103.012405 
	C326.029144,107.492355 324.973419,111.350708 321.129669,113.448586 
	C316.459625,115.997475 309.769165,114.560150 307.948273,109.718430 
	C306.808655,106.688156 306.660278,102.241188 308.137634,99.578835 
	C309.481110,97.157822 313.514740,95.996346 316.580322,94.875450 
	C317.862946,94.406464 319.708099,95.475891 321.784729,96.184067 
	C322.866516,97.014748 323.461060,97.507240 324.055634,97.999741 
	C324.077057,98.439476 324.098480,98.879219 323.692444,99.717911 
	C321.790588,99.976227 320.169952,100.178619 318.871399,99.625237 
	C315.956390,98.383034 313.087494,98.711067 312.206573,101.546074 
	C311.524567,103.740990 312.041626,107.119370 313.406952,108.930183 
	C315.038635,111.094269 317.940063,110.676651 319.927246,108.695839 
	C318.562469,107.194809 317.508698,106.035851 316.454956,104.876892 
	C317.978577,104.336906 319.479004,103.711380 321.034515,103.288887 
	C321.973816,103.033768 322.998779,103.093910 323.985229,103.012405 
z"/>
<path fill="#EED3AC" opacity="1.000000" stroke="none" 
	d="
M368.061951,97.846237 
	C371.314087,102.032768 371.325500,106.247856 368.967529,110.266151 
	C366.947632,113.708458 363.456421,114.969284 359.533997,114.438660 
	C355.188446,113.850815 352.076630,111.493103 351.143982,107.081009 
	C350.208008,102.653351 351.270905,98.625061 355.397552,96.263428 
	C359.686737,93.808800 363.988953,94.137207 368.061951,97.846237 
M365.895111,104.533615 
	C365.460907,101.175728 363.875397,98.262627 360.251648,99.233231 
	C358.286987,99.759453 355.917725,102.535194 355.669403,104.536690 
	C355.465485,106.180458 357.768280,109.140488 359.589386,109.813156 
	C362.989868,111.069229 365.211029,108.882965 365.895111,104.533615 
z"/>
<path fill="#E4CCA8" opacity="1.000000" stroke="none" 
	d="
M381.123199,108.328125 
	C385.952850,111.045280 387.825867,110.086075 387.979034,105.199944 
	C388.077484,102.059357 387.997498,98.913170 387.997498,95.594177 
	C391.028717,94.495934 392.989716,94.465469 392.809784,98.378815 
	C392.687744,101.033035 392.912415,103.708214 392.705933,106.352463 
	C392.300873,111.540298 388.759033,114.852173 384.002808,114.727966 
	C378.988373,114.597023 376.026459,111.469666 375.841949,105.989967 
	C375.752472,103.333443 375.808105,100.671539 375.824249,98.012238 
	C375.829254,97.185829 375.920288,96.359940 375.988708,95.265381 
	C377.432404,95.265381 378.815491,95.265381 380.316498,95.265381 
	C380.535645,99.668495 380.741058,103.795792 381.123199,108.328125 
z"/>
<path fill="#EACFA8" opacity="1.000000" stroke="none" 
	d="
M187.105988,114.143265 
	C179.933716,115.080223 176.553040,112.403351 176.258102,105.747047 
	C176.111649,102.442108 176.232635,99.125313 176.232635,95.387527 
	C177.783493,95.223122 179.138885,95.079430 181.011215,94.880943 
	C181.011215,97.073692 181.010193,98.864983 181.011505,100.656273 
	C181.012711,102.319336 180.563507,104.163567 181.137360,105.598114 
	C181.806198,107.270119 183.370590,108.583878 184.546371,110.053085 
	C185.767868,108.653534 187.604111,107.427299 188.059586,105.811775 
	C188.667374,103.656052 188.357117,101.184860 188.161850,98.872749 
	C187.873123,95.453896 189.201538,94.257362 193.070740,95.421387 
	C191.768936,101.769417 196.569565,109.764343 187.105988,114.143265 
z"/>
<path fill="#EBD2AB" opacity="1.000000" stroke="none" 
	d="
M223.049591,106.002731 
	C219.008667,103.632118 218.126205,100.673058 220.856995,97.193062 
	C223.659454,93.621727 229.055603,93.948631 234.324493,99.059502 
	C231.306915,99.211670 229.513229,99.225792 227.738770,99.417671 
	C226.498077,99.551842 225.283661,99.929092 224.057510,100.197769 
	C224.913681,100.951897 225.652725,102.080299 226.647476,102.391655 
	C229.950562,103.425507 234.127213,103.782295 233.683212,108.420731 
	C233.494583,110.391113 231.447357,112.971413 229.580505,113.829857 
	C225.655319,115.634804 221.890182,114.505493 219.047028,110.914726 
	C221.285461,104.770096 226.310989,113.353516 229.084091,108.271965 
	C227.135757,107.538460 225.267563,106.835129 223.049591,106.002731 
z"/>
<path fill="#F3D4A9" opacity="1.000000" stroke="none" 
	d="
M262.599030,112.906952 
	C260.272888,109.882332 257.946747,106.857712 255.173950,104.037804 
	C254.567917,104.491791 254.611053,104.718842 254.856689,104.923683 
	C254.903534,105.399406 254.950394,105.875137 254.725021,106.979256 
	C253.290131,109.059143 255.425232,113.045525 251.053329,112.030144 
	C250.987076,111.258484 250.920822,110.486832 251.182556,109.012093 
	C252.999863,104.209457 250.140503,98.857552 255.123306,95.764069 
	C257.463684,98.765892 259.804108,101.767715 262.715149,105.501480 
	C262.906250,101.524811 263.051361,98.504768 263.719299,95.692703 
	C264.752838,101.008415 265.355957,106.111214 265.629150,111.231628 
	C265.656006,111.734749 263.657471,112.345932 262.599030,112.906952 
z"/>
<path fill="#EACDA5" opacity="1.000000" stroke="none" 
	d="
M413.401886,103.782829 
	C413.401886,103.782829 413.433685,103.900719 413.161194,104.125992 
	C412.784943,104.719933 412.681213,105.088608 412.577454,105.457275 
	C412.577454,105.457275 412.560089,105.524529 412.277222,105.578621 
	C411.819305,105.906540 411.644226,106.180359 411.469147,106.454185 
	C411.469147,106.454185 411.413818,106.144348 411.149170,106.336365 
	C410.596344,106.763649 410.308167,106.998924 410.019989,107.234192 
	C408.347839,107.518456 406.675720,107.802719 404.551575,108.133682 
	C404.099579,108.180382 404.042114,108.265213 404.042114,108.265213 
	C404.018341,108.561508 403.994598,108.857811 403.674683,109.801491 
	C402.584564,110.187378 401.464783,110.162590 401.066162,109.613876 
	C400.298248,108.556786 399.938171,107.203423 399.408936,105.972916 
	C399.357056,105.232788 399.305176,104.492661 399.642456,103.203751 
	C400.356354,100.138992 400.681030,97.623016 401.005737,95.107025 
	C402.403046,95.066254 403.800385,95.025475 405.896729,95.238846 
	C408.394440,95.994682 410.193054,96.496376 411.991699,96.998070 
	C411.991699,96.998070 412.001801,96.998062 412.030670,97.425026 
	C412.506989,99.828934 412.954437,101.805878 413.401886,103.782829 
z"/>
<path fill="#352D20" opacity="1.000000" stroke="none" 
	d="
M290.968201,102.758720 
	C288.651733,103.183838 286.338104,103.183838 282.339142,103.183838 
	C283.908691,105.611992 284.891541,107.132477 286.124390,109.039726 
	C284.327362,110.800720 281.388611,111.132202 279.599060,108.691582 
	C278.324066,106.952736 277.990753,103.641846 278.711731,101.537735 
	C279.675110,98.726120 282.448883,98.386513 285.386810,99.615242 
	C286.791809,100.202873 288.568512,99.901871 290.534210,99.894257 
	C290.918060,100.634644 290.944550,101.484123 290.968201,102.758720 
z"/>
<path fill="#352E21" opacity="1.000000" stroke="none" 
	d="
M323.987946,102.631485 
	C322.998779,103.093910 321.973816,103.033768 321.034515,103.288887 
	C319.479004,103.711380 317.978577,104.336906 316.454956,104.876892 
	C317.508698,106.035851 318.562469,107.194809 319.927246,108.695839 
	C317.940063,110.676651 315.038635,111.094269 313.406952,108.930183 
	C312.041626,107.119370 311.524567,103.740990 312.206573,101.546074 
	C313.087494,98.711067 315.956390,98.383034 318.871399,99.625237 
	C320.169952,100.178619 321.790588,99.976227 323.622620,100.041084 
	C323.983673,100.727058 323.987152,101.488815 323.987946,102.631485 
z"/>
<path fill="#F4DAB4" opacity="1.000000" stroke="none" 
	d="
M239.784973,109.854630 
	C239.782318,104.780579 239.782318,100.186729 239.782318,95.534615 
	C242.549728,94.544014 244.119095,94.686829 244.047028,97.981522 
	C243.935577,103.078018 244.017685,108.178741 244.017685,113.351814 
	C240.392548,115.112999 239.518265,113.503159 239.784973,109.854630 
z"/>
<path fill="#F5E2C2" opacity="1.000000" stroke="none" 
	d="
M262.843994,113.279526 
	C263.657471,112.345932 265.656006,111.734749 265.629150,111.231628 
	C265.355957,106.111214 264.752838,101.008415 264.108826,95.555153 
	C264.999603,95.925697 266.874481,96.600998 266.911072,97.364395 
	C267.168579,102.738487 267.047729,108.130707 267.047729,113.927620 
	C265.521881,113.821426 264.305420,113.736763 262.843994,113.279526 
z"/>
<path fill="#D8C3A6" opacity="1.000000" stroke="none" 
	d="
M399.308105,106.409042 
	C399.938171,107.203423 400.298248,108.556786 401.066162,109.613876 
	C401.464783,110.162590 402.584564,110.187378 403.589752,110.239212 
	C403.864655,111.171097 403.928345,112.312637 404.009460,113.766121 
	C402.467163,113.766121 401.074066,113.766121 399.207275,113.766121 
	C399.207275,111.387627 399.207275,109.116394 399.308105,106.409042 
z"/>
<path fill="#F7DFBD" opacity="1.000000" stroke="none" 
	d="
M254.853699,95.450142 
	C250.140503,98.857552 252.999863,104.209457 251.276871,108.633789 
	C251.043182,104.419418 251.043182,99.880264 251.043182,95.136215 
	C252.352173,95.136215 253.468140,95.136215 254.853699,95.450142 
z"/>
<path fill="#D8C3A6" opacity="1.000000" stroke="none" 
	d="
M400.601379,95.101685 
	C400.681030,97.623016 400.356354,100.138992 399.728149,102.840500 
	C399.682129,100.382797 399.939575,97.739571 400.601379,95.101685 
z"/>
<path fill="#F7DFBD" opacity="1.000000" stroke="none" 
	d="
M250.992310,112.443924 
	C255.425232,113.045525 253.290131,109.059143 254.650757,107.332306 
	C254.848709,109.157402 254.848709,111.257835 254.848709,114.194519 
	C253.412338,113.704361 252.171814,113.281036 250.992310,112.443924 
z"/>
<path fill="#D8C3A6" opacity="1.000000" stroke="none" 
	d="
M413.616058,103.544739 
	C412.954437,101.805878 412.506989,99.828934 412.030701,97.430084 
	C412.611298,99.107674 413.220764,101.207161 413.616058,103.544739 
z"/>
<path fill="#D8C3A6" opacity="1.000000" stroke="none" 
	d="
M411.805725,96.688797 
	C410.193054,96.496376 408.394440,95.994682 406.312378,95.300430 
	C407.892578,95.531754 409.756165,95.955635 411.805725,96.688797 
z"/>
<path fill="#352E21" opacity="1.000000" stroke="none" 
	d="
M324.205048,97.773071 
	C323.461060,97.507240 322.866516,97.014748 322.132874,96.265717 
	C322.780701,96.521584 323.567596,97.033997 324.205048,97.773071 
z"/>
<path fill="#F7DFBD" opacity="1.000000" stroke="none" 
	d="
M254.917206,104.712997 
	C254.611053,104.718842 254.567917,104.491791 254.826874,104.154709 
	C254.926483,104.066895 254.977737,104.502304 254.917206,104.712997 
z"/>
<path fill="#D8C3A6" opacity="1.000000" stroke="none" 
	d="
M412.806274,105.270660 
	C412.681213,105.088608 412.784943,104.719933 413.109955,104.159187 
	C413.232513,104.339424 413.133820,104.711731 412.806274,105.270660 
z"/>
<path fill="#D8C3A6" opacity="1.000000" stroke="none" 
	d="
M411.695862,106.377823 
	C411.644226,106.180359 411.819305,105.906540 412.247192,105.596054 
	C412.403748,105.881653 412.211273,106.129005 411.695862,106.377823 
z"/>
<path fill="#D8C3A6" opacity="1.000000" stroke="none" 
	d="
M410.313171,107.230057 
	C410.308167,106.998924 410.596344,106.763649 411.167419,106.488930 
	C411.168976,106.708290 410.887665,106.967094 410.313171,107.230057 
z"/>
<path fill="#D8C3A6" opacity="1.000000" stroke="none" 
	d="
M404.107819,108.312927 
	C404.042114,108.265213 404.099579,108.180382 404.116364,108.162338 
	C404.133148,108.144302 404.173523,108.360649 404.107819,108.312927 
z"/>
<path fill="#232520" opacity="1.000000" stroke="none" 
	d="
M104.524963,108.628876 
	C80.108688,123.350540 54.610077,114.140305 42.472397,94.178268 
	C29.726677,73.216217 35.929241,44.898067 56.663574,32.124672 
	C81.586090,16.771152 118.566071,29.598141 124.063271,62.290638 
	C127.316498,81.637962 120.230629,96.796242 104.524963,108.628876 
M81.479996,87.146873 
	C80.131561,93.537415 79.854630,99.824043 82.799667,105.835953 
	C94.949387,103.711464 102.476913,95.795753 104.619812,82.125282 
	C106.180145,72.171219 104.377892,62.756157 97.335136,54.824284 
	C96.389061,63.043663 91.615005,69.047737 87.326759,75.379532 
	C85.038712,78.757935 83.578003,82.696663 81.479996,87.146873 
M83.803246,37.725021 
	C82.044106,36.235950 80.284966,34.746880 77.398102,32.303219 
	C79.073967,42.611347 75.352699,49.675583 70.864510,56.663506 
	C64.143608,67.127647 67.082680,81.545013 75.625000,90.272842 
	C79.048599,83.152718 82.281784,75.592010 86.226143,68.422554 
	C92.067116,57.805729 91.683861,47.895252 83.803246,37.725021 
M55.527824,65.664467 
	C55.648308,67.477158 55.938564,69.297577 55.856407,71.101036 
	C55.638161,75.891800 54.758331,80.705498 55.045185,85.455505 
	C55.706963,96.413834 67.660164,106.646797 78.146278,104.979233 
	C69.047844,97.093254 66.967171,86.498520 64.633057,75.763969 
	C63.726295,71.593773 60.183083,67.983238 57.704170,64.207497 
	C57.576229,64.012611 56.158405,64.664589 55.527824,65.664467 
z"/>
<path fill="#1B2F19" opacity="1.000000" stroke="none" 
	d="
M397.022644,51.102463 
	C397.291443,51.755920 397.467621,52.052158 397.530548,52.370762 
	C398.115326,55.331600 398.680634,58.296280 399.251587,61.259846 
	C395.755127,61.514992 392.258667,61.770142 387.536652,62.114727 
	C389.858582,55.881401 391.716400,50.893925 394.160522,44.332474 
	C395.451263,47.383812 396.164398,49.069714 397.022644,51.102463 
z"/>
<path fill="#3E3726" opacity="1.000000" stroke="none" 
	d="
M209.062378,103.007874 
	C205.129944,104.343658 203.323975,103.537193 204.531204,99.115845 
	C207.066071,99.297768 210.564941,97.761803 209.062378,103.007874 
z"/>
<path fill="#302B21" opacity="1.000000" stroke="none" 
	d="
M365.868469,104.929039 
	C365.211029,108.882965 362.989868,111.069229 359.589386,109.813156 
	C357.768280,109.140488 355.465485,106.180458 355.669403,104.536690 
	C355.917725,102.535194 358.286987,99.759453 360.251648,99.233231 
	C363.875397,98.262627 365.460907,101.175728 365.868469,104.929039 
z"/>
<path fill="#F6E4CA" opacity="1.000000" stroke="none" 
	d="
M81.611938,86.764687 
	C83.578003,82.696663 85.038712,78.757935 87.326759,75.379532 
	C91.615005,69.047737 96.389061,63.043663 97.335136,54.824284 
	C104.377892,62.756157 106.180145,72.171219 104.619812,82.125282 
	C102.476913,95.795753 94.949387,103.711464 82.799667,105.835953 
	C79.854630,99.824043 80.131561,93.537415 81.611938,86.764687 
z"/>
<path fill="#F5E3C9" opacity="1.000000" stroke="none" 
	d="
M84.018959,38.014076 
	C91.683861,47.895252 92.067116,57.805729 86.226143,68.422554 
	C82.281784,75.592010 79.048599,83.152718 75.625000,90.272842 
	C67.082680,81.545013 64.143608,67.127647 70.864510,56.663506 
	C75.352699,49.675583 79.073967,42.611347 77.398102,32.303219 
	C80.284966,34.746880 82.044106,36.235950 84.018959,38.014076 
z"/>
<path fill="#F2E0C3" opacity="1.000000" stroke="none" 
	d="
M55.434471,65.293381 
	C56.158405,64.664589 57.576229,64.012611 57.704170,64.207497 
	C60.183083,67.983238 63.726295,71.593773 64.633057,75.763969 
	C66.967171,86.498520 69.047844,97.093254 78.146278,104.979233 
	C67.660164,106.646797 55.706963,96.413834 55.045185,85.455505 
	C54.758331,80.705498 55.638161,75.891800 55.856407,71.101036 
	C55.938564,69.297577 55.648308,67.477158 55.434471,65.293381 
z"/>
</svg>